16144		
16208		
16272		
16336		
16400		
16464		
16528		
16592		
16656		
16720		
16784		
16848		
16912		
16976		
17040		
17104		
16144		
16208		
16272		
16336		
16400		
16464		
16528		
16592		
16656		
16720		
16784		
16848		
16912		
16976		
17040		
17104		
16144		
16208		
16272		
16336		
16400		
16464		
16528		
16592		
16656		
16720		
16784		
16848		
16912		
16976		
17040		
17104		
16144		
16208		
16272		
16336		
16400		
16464		
16528		
16592		
16656		
16720		
16784		
16848		
16912		
16976		
17040		
17104		
16144		
16208		
16272		
16336		
16400		
16464		
16528		
16592		
16656		
16720		
16784		
16848		
16912		
16976		
17040		
17104		
16144		
16208		
16272		
16336		
16400		
16464		
16528		
16592		
16656		
16720		
16784		
16848		
16912		
16976		
17040		
17104		
16144		
16208		
16272		
16336		
16400		
16464		
16528		
16592		
16656		
16720		
16784		
16848		
16912		
16976		
17040		
17104		
16144		
16208		
16272		
16336		
16400		
16464		
16528		
16592		
16656		
16720		
16784		
16848		
16912		
16976		
17040		
17104		
16144		
16208		
16272		
16336		
16400		
16464		
16528		
16592		
16656		
16720		
16784		
16848		
16912		
16976		
17040		
17104		
16144		
16208		
16272		
16336		
16400		
16464		
16528		
16592		
16656		
16720		
16784		
16848		
16912		
16976		
17040		
17104		
